1..N03R,0,40.702068,-74.013664
1..N03R,1,40.703199,-74.014792
1..N03R,2,40.703226,-74.014820
1..N03R,3,40.703253,-74.014846
1..N03R,4,40.703280,-74.014870
1..N03R,5,40.703307,-74.014893
1..N03R,6,40.703335,-74.014914
1..N03R,7,40.703363,-74.014933
1..N03R,8,40.703391,-74.014952
1..N03R,9,40.703419,-74.014968
1..N03R,10,40.703448,-74.014983
1..N03R,11,40.703477,-74.014997
1..N03R,12,40.703506,-74.015009
1..N03R,13,40.703536,-74.015019
1..N03R,14,40.703566,-74.015028
1..N03R,15,40.703596,-74.015035
1..N03R,16,40.703625,-74.015041
1..N03R,17,40.704168,-74.015122
1..N03R,18,40.704194,-74.015125
1..N03R,19,40.704221,-74.015126
1..N03R,20,40.704247,-74.015127
1..N03R,21,40.704274,-74.015127
1..N03R,22,40.704300,-74.015125
1..N03R,23,40.704327,-74.015123
1..N03R,24,40.704354,-74.015119
1..N03R,25,40.704380,-74.015115
1..N03R,26,40.704407,-74.015109
1..N03R,27,40.704434,-74.015102